Population size: 2
Best score: 268
Best solution: [1 1 0 1 0 0 1 0 0 0 0 0 1 0 1 0 0 0 1 0 0 0 0 0 0 1 0 0 0 1 1 0 0 0 0 0 1
 0 0 0 0 0 1 0 1 0 0 1 0 0 0 1 0 1 0 0 1 0 1 1 0 0 0 0 0 0 1 0 1 0 0 0 1 0
 0 0 0 0 0 0 1 1 0 0 1 0 0 0 0 0 1 1 1 1 1 1 1 0 1 1 0 0 0 0 1 0 0 1 0 1 0
 0 0 0 0 0 0 0 1 0 0 0 1 0 0 0 0 0 0 0 0 1 0 0 0 0 1 0 0 0 1 0 0 0 1 0 1 0
 1 0 0 0 0 1 0 0 0 1 1 1 1 0 0 0 0 0 0 0 1 0 0 1 0 1 0 1 0 0 0 0 0 0 1 1 0
 1 0 0 0 1 0 1 0 1 1 0 0 0 0 1 0 1 0 0 0 1 0 1 0 1 0 1 0 0 0 0 1 1 0 0 0 0
 0 1 0 0 0 1 0 0 0 1 0 0 0 1 0 0 1 0 1 0 0 0 0 1 0 0 0 0 1 0 0 1 0 0 0 0 1
 0 0 0 1 0 0 0 0 0 1 0 0 0 0 1 0 0 1 0 0 1 0 0 0 1 1 0 1 0 0 0 0 1 1 0 0 1
 0 1 1 0 1 0 0 0 0 0 0 0 1 1 1 0 0 0 1 0 0 1 0 0 0 0 1 0 0 1 0 0 0 0 0 1 0
 0 0 1 0 0 0 1 0 1 0 1 0 0 1 1 0 1 0 0 0 1 0 0 0 1 1 0 1 1 0 0 1 1 0 0 0 1
 0 0 0 1 0 1 0 0 0 0 0 0 0 1 0 0 0 1 0 0 0 1 0 0 1 0 0 1 0 1]
Population size: 4
Best score: 269
Best solution: [0 1 0 0 0 1 1 0 0 0 0 1 0 1 0 0 1 0 0 1 0 0 1 1 0 0 0 0 1 0 0 0 0 0 0 0 1
 0 0 0 1 1 0 0 0 0 0 0 1 0 0 0 1 1 0 1 1 0 1 0 1 0 0 0 1 0 1 0 0 1 1 0 0 0
 0 1 0 0 0 1 0 1 1 0 1 0 0 0 0 1 0 0 0 0 0 0 0 1 0 0 0 0 1 0 0 1 0 0 0 0 0
 0 1 0 1 0 0 0 0 1 1 0 0 0 1 0 0 1 0 0 1 0 0 0 0 0 1 0 0 0 0 0 0 1 0 0 0 1
 1 0 1 0 0 1 1 1 0 0 1 0 0 1 0 0 0 1 1 0 0 0 0 0 0 0 0 0 0 1 0 0 0 0 0 1 0
 0 0 0 0 1 0 0 1 0 1 0 0 1 0 1 1 0 0 0 0 1 0 1 0 0 0 0 0 0 1 0 0 1 0 0 0 0
 1 0 0 0 1 0 1 0 1 0 0 1 0 1 1 0 1 0 1 0 0 0 1 0 0 0 1 0 0 0 0 0 0 0 0 0 1
 0 1 0 1 0 0 0 1 0 0 0 1 1 1 0 1 0 1 0 0 0 0 0 0 0 0 0 1 1 0 0 0 0 0 0 0 0
 0 0 0 1 0 1 0 1 1 0 0 0 0 1 0 0 1 1 0 1 0 1 0 0 0 0 1 0 0 0 0 1 1 0 0 1 0
 1 1 0 0 0 0 0 1 1 0 0 1 1 0 0 0 0 0 0 0 0 0 0 1 0 1 0 0 0 1 0 0 0 0 0 0 1
 1 0 1 0 1 0 0 0 0 1 0 1 0 0 1 0 1 1 0 0 0 0 1 0 0 0 0 1 0 0]
Population size: 6
Best score: 264
Best solution: [0 1 1 1 0 0 0 0 1 0 0 0 1 0 0 0 0 0 1 0 1 0 0 1 1 1 0 0 1 0 0 0 0 0 0 1 1
 0 1 0 1 1 0 0 0 0 0 1 0 0 1 1 0 1 0 0 0 0 1 0 0 0 0 1 0 0 0 0 1 1 0 0 0 0
 0 1 0 0 1 0 0 1 0 0 0 1 1 0 0 0 0 0 1 1 0 0 0 0 0 0 0 0 0 1 0 0 0 1 0 1 1
 0 0 0 0 0 1 0 0 1 1 0 0 0 0 0 1 1 0 0 0 0 1 0 1 0 0 0 1 0 0 1 1 0 1 0 0 0
 0 0 1 0 0 0 0 0 1 0 1 0 0 0 0 0 1 1 0 1 1 0 0 1 1 1 0 0 0 0 1 0 1 0 0 0 0
 0 0 0 0 0 0 0 0 0 0 1 0 0 1 1 1 1 0 1 0 1 0 0 0 1 1 0 1 0 0 1 0 0 0 0 1 0
 1 1 0 0 0 1 0 0 1 0 0 0 0 1 0 1 0 0 0 0 1 1 0 0 0 0 0 1 0 0 0 1 0 1 0 0 0
 0 1 1 0 0 0 1 1 0 0 0 1 0 1 0 0 0 0 0 1 1 0 0 0 1 0 0 1 0 1 0 0 0 0 1 1 0
 0 0 0 0 0 1 0 1 0 0 0 0 0 1 0 1 0 0 0 0 0 1 0 1 1 0 0 0 0 1 0 1 0 0 0 1 0
 0 0 1 0 0 0 0 1 0 0 0 1 0 0 0 0 0 0 0 0 1 0 0 1 0 1 0 0 0 1 0 0 0 1 1 0 1
 1 0 0 1 1 0 0 0 0 1 1 0 0 0 1 0 0 0 1 0 0 0 1 0 1 0 0 1 0 0]
Population size: 8
Best score: 264
Best solution: [1 0 0 0 1 1 1 1 0 1 1 1 0 0 0 1 0 0 0 1 0 1 1 0 0 0 0 0 0 1 0 0 0 1 0 0 0
 1 0 0 0 1 0 1 0 0 0 1 0 0 1 0 1 0 0 0 0 1 0 0 1 0 0 0 0 1 0 0 0 0 0 0 0 0
 1 1 1 1 0 0 0 0 1 0 0 1 1 0 1 0 0 1 0 0 1 0 0 0 0 1 0 0 1 0 0 0 0 0 0 1 0
 0 1 0 0 0 1 0 1 0 1 0 0 1 1 0 0 1 0 1 0 1 0 0 1 0 0 0 0 0 0 0 1 0 0 1 0 0
 0 0 0 0 0 1 0 0 0 1 0 0 1 0 0 0 1 1 1 0 1 0 0 1 0 0 0 1 0 0 1 1 0 1 0 1 1
 0 0 0 0 0 1 0 0 1 0 0 0 0 0 1 0 0 0 0 0 1 0 0 1 1 0 0 1 0 0 0 1 1 0 0 0 1
 0 0 0 1 0 1 0 0 0 1 1 0 1 0 0 1 1 0 0 1 0 1 0 0 0 0 0 1 1 0 0 0 0 0 1 0 0
 0 0 0 0 1 0 0 1 1 0 0 0 0 1 1 0 0 1 0 0 1 1 0 0 0 0 1 0 0 0 1 0 0 0 1 0 0
 0 0 1 1 0 0 1 0 0 1 0 0 0 0 0 1 1 0 0 1 0 0 1 0 0 0 1 0 1 0 0 1 1 0 0 1 1
 0 0 0 0 0 0 0 1 0 0 0 1 0 1 0 0 0 1 0 0 0 1 1 1 1 0 0 0 0 0 1 0 0 1 0 0 0
 0 0 1 0 0 0 0 0 0 1 0 1 0 0 0 1 0 0 1 1 0 1 0 0 1 0 0 1 0 0]
Population size: 10
Best score: 262
Best solution: [0 0 0 1 0 0 1 0 1 0 0 1 0 0 1 1 0 0 0 1 0 1 0 1 1 0 0 0 0 0 1 0 0 1 0 0 0
 1 0 0 0 1 0 0 0 1 0 1 1 0 0 1 0 0 0 1 0 0 0 0 0 0 0 1 0 0 0 1 0 1 0 0 0 1
 0 0 0 0 1 1 1 0 1 0 1 0 0 0 0 0 0 1 0 0 0 1 0 1 0 0 0 0 0 0 0 0 1 1 1 0 0
 1 0 0 1 0 0 1 1 0 0 1 0 1 0 0 0 0 0 1 1 0 0 1 0 1 0 0 0 0 1 0 0 0 0 1 0 0
 1 1 0 0 1 0 0 0 1 0 0 1 0 0 1 0 0 1 0 1 0 1 0 0 0 0 0 0 1 0 0 1 0 1 0 0 1
 0 0 0 1 0 0 1 0 1 1 1 0 1 1 0 0 1 0 0 0 0 1 0 0 1 0 0 0 1 0 1 0 0 1 0 1 0
 0 1 0 0 0 0 1 0 0 1 1 0 0 1 0 0 1 0 0 0 1 0 0 1 0 0 1 0 1 0 0 0 0 1 0 0 1
 0 0 1 0 1 1 0 1 0 0 0 0 1 0 1 0 0 0 0 1 0 1 0 0 0 0 0 0 0 0 1 0 1 0 1 0 0
 1 1 1 1 0 0 1 0 1 0 1 0 0 1 0 1 0 1 0 0 0 0 0 0 0 1 0 0 0 0 1 0 0 0 1 1 0
 1 0 1 0 0 1 0 0 1 1 0 0 0 1 0 1 0 0 0 0 0 0 1 0 0 0 0 0 0 1 0 1 0 0 0 1 0
 1 0 1 0 0 0 0 1 0 0 1 0 0 0 1 0 1 0 0 0 1 0 0 0 1 1 0 0 0 1]
Population size: 12
Best score: 261
Best solution: [0 1 0 0 0 0 1 0 1 0 0 1 1 0 0 0 0 1 0 1 0 1 0 1 1 0 1 0 0 1 0 0 0 0 1 0 0
 0 0 0 0 0 1 0 0 0 0 0 1 0 1 0 0 0 0 0 0 0 1 0 1 0 1 0 0 1 0 1 1 0 0 1 0 1
 0 1 1 0 0 0 1 0 0 0 0 0 0 0 0 1 1 0 0 1 0 0 0 1 0 1 0 0 1 0 1 0 1 1 0 0 0
 0 1 1 0 0 0 1 0 0 0 0 0 1 1 0 1 0 1 1 0 0 0 0 0 1 0 0 0 0 1 0 0 0 0 0 1 0
 0 0 0 1 0 0 1 1 0 1 1 1 0 0 0 1 0 0 1 0 0 1 0 0 0 1 0 0 1 0 1 0 0 1 0 0 1
 0 0 0 1 0 0 1 0 0 0 1 1 0 0 0 0 0 0 0 0 0 0 0 0 0 0 0 1 0 0 0 0 0 1 1 1 0
 0 1 0 0 1 1 0 0 1 0 0 0 1 0 0 1 0 0 0 0 0 1 1 0 0 0 1 0 0 0 1 0 0 1 0 0 1
 0 0 1 0 0 0 1 0 0 1 0 0 1 0 0 0 1 0 0 1 0 0 0 1 0 0 0 1 0 0 0 1 0 0 0 0 1
 0 1 0 0 1 0 0 0 0 1 0 0 1 1 0 0 1 0 0 0 0 1 0 0 0 0 0 1 0 0 1 0 0 0 0 0 1
 0 0 1 0 0 1 1 0 1 0 0 0 1 0 1 0 0 1 0 0 0 1 1 1 0 0 0 0 0 1 1 0 0 0 0 0 0
 0 0 0 0 0 0 0 0 1 1 1 0 0 0 0 0 1 0 1 0 0 1 1 0 0 1 0 0 0 0]
Population size: 20
Best score: 258
Best solution: [1 0 0 0 1 0 0 0 0 0 1 1 1 1 0 0 0 1 1 0 0 0 1 1 1 1 0 1 1 0 0 0 0 0 0 1 0
 1 0 0 0 1 0 1 0 1 0 1 0 0 0 0 0 1 0 0 0 1 0 1 0 1 0 0 0 1 0 0 0 1 1 0 0 0
 0 0 1 0 1 0 0 0 0 1 0 0 1 0 0 0 0 0 1 0 1 1 0 0 0 0 1 1 0 1 0 0 0 1 1 0 0
 1 0 1 0 0 0 1 1 0 0 0 0 0 0 1 0 0 0 0 0 0 0 0 1 0 0 1 0 0 1 0 0 1 0 0 0 0
 1 1 1 1 1 0 0 0 0 1 0 1 0 1 0 0 0 1 0 0 0 0 0 0 0 0 1 1 0 0 1 0 1 1 0 1 0
 0 0 1 0 0 1 0 1 0 0 0 1 1 1 0 0 0 0 1 0 0 0 1 0 0 0 0 0 1 1 0 0 1 0 1 0 0
 0 0 0 1 0 0 0 1 0 1 0 0 0 0 0 1 1 0 1 1 0 1 0 0 0 0 0 1 0 0 1 0 0 1 1 0 0
 0 0 0 0 0 0 0 1 0 0 0 0 1 0 1 1 0 0 0 0 1 0 1 0 0 1 0 0 1 1 1 0 0 0 0 0 0
 0 1 0 0 1 0 1 0 0 0 0 1 0 0 1 0 1 0 0 1 0 0 0 0 1 0 0 0 0 1 0 1 0 1 0 0 1
 1 1 0 0 0 1 1 0 0 0 1 1 1 0 0 0 1 0 0 1 0 0 0 1 0 1 0 0 1 0 0 0 0 1 0 0 0
 1 0 0 0 0 0 1 0 0 1 0 1 1 1 0 0 1 0 1 0 0 0 1 0 1 0 0 1 0 0]
Population size: 50
Best score: 255
Best solution: [1 1 1 0 1 0 1 1 0 0 0 1 0 0 0 1 0 1 0 0 0 0 0 1 1 0 0 0 0 1 0 0 0 1 0 1 1
 0 1 1 1 0 0 0 0 0 0 1 0 0 0 1 0 0 0 0 0 0 1 1 0 0 1 1 1 1 0 0 1 0 0 0 0 0
 1 0 0 1 0 0 1 0 0 0 0 0 0 0 1 0 1 0 0 0 1 0 0 0 0 1 0 0 0 1 0 0 1 0 0 0 1
 0 1 0 0 0 1 0 0 1 0 1 0 0 0 0 1 0 0 0 1 0 0 1 0 0 1 0 0 0 1 1 0 0 1 0 1 0
 0 1 0 1 0 0 1 0 0 0 1 0 0 1 0 1 0 0 0 0 0 0 0 0 0 0 1 0 0 0 1 0 0 0 0 0 0
 1 0 0 1 0 1 0 1 0 1 0 1 0 0 1 1 0 1 0 1 1 0 0 0 1 0 1 0 0 0 1 0 1 1 0 0 0
 0 1 0 0 0 1 0 1 0 1 0 0 0 0 0 0 0 0 1 1 0 1 0 0 1 0 0 0 0 0 0 1 1 0 1 0 0
 1 1 0 0 0 0 0 1 1 1 1 0 0 1 1 0 0 0 0 0 1 1 0 1 0 1 0 0 1 0 1 0 1 0 1 0 0
 0 1 0 1 0 1 0 1 0 1 1 0 0 0 0 1 0 0 0 1 0 0 0 0 0 0 0 0 0 0 0 0 0 1 0 0 1
 1 0 1 0 0 1 0 1 0 1 0 0 0 0 1 1 1 0 1 0 1 1 0 0 1 0 0 0 0 0 0 1 1 1 1 0 1
 0 1 0 0 0 1 0 0 0 1 0 1 0 1 0 0 0 0 0 0 0 1 0 0 0 1 0 0 1 0]
Population size: 80
Best score: 252
Best solution: [0 1 0 1 0 0 1 0 0 0 1 0 0 1 0 0 1 0 0 1 0 0 0 1 0 1 1 0 0 0 0 0 0 0 0 0 0
 0 0 0 1 0 1 0 0 0 1 0 1 0 0 1 1 0 1 1 0 0 1 1 1 1 0 0 1 0 0 1 0 1 1 0 0 0
 0 0 1 0 0 0 0 0 0 1 0 1 0 0 0 0 0 0 1 1 1 1 0 0 1 0 0 0 1 0 1 0 0 1 1 0 0
 0 0 0 0 1 0 0 0 0 1 0 0 0 0 0 0 0 0 0 0 1 0 0 1 0 0 1 0 0 0 1 1 1 0 1 1 0
 0 1 0 0 0 1 1 0 0 0 0 1 1 0 0 0 1 0 0 1 0 0 0 1 0 0 0 0 1 0 0 0 1 0 0 1 0
 0 0 0 0 1 0 1 1 1 0 0 0 0 1 0 0 1 0 0 1 1 0 1 0 0 0 1 0 0 0 0 0 0 1 0 0 1
 1 0 1 0 0 0 1 0 0 1 1 0 1 0 1 0 0 1 0 1 1 0 0 0 1 0 1 0 0 1 0 0 0 0 0 1 0
 0 0 1 0 0 0 1 0 1 0 1 0 0 0 0 1 1 0 0 0 1 0 0 0 1 0 0 1 0 0 0 0 0 1 0 1 1
 1 1 0 0 0 0 1 1 0 0 1 0 0 0 0 0 0 0 0 0 0 0 0 0 0 0 1 0 1 0 0 0 1 1 0 1 0
 1 0 0 1 0 0 0 0 0 0 0 1 0 1 0 0 0 0 1 0 0 0 0 0 1 1 1 1 1 0 0 0 0 1 0 0 0
 1 0 0 1 0 1 0 0 0 0 0 1 0 0 1 0 0 0 1 1 1 1 0 0 0 1 0 0 1 0]
Population size: 100
Best score: 253
Best solution: [0 1 0 0 0 0 0 1 0 1 0 0 1 0 1 0 0 0 1 0 0 0 0 0 0 1 0 0 0 0 0 0 0 0 0 1 0
 0 0 1 0 0 1 1 1 0 0 0 1 0 0 1 0 1 0 1 0 0 1 0 1 0 1 0 0 0 1 0 0 0 1 0 1 0
 1 0 0 1 1 0 0 0 1 1 1 0 0 1 0 0 1 0 0 0 0 0 1 0 0 1 0 1 1 0 0 0 0 0 0 1 0
 0 0 1 0 0 0 0 1 0 1 0 0 0 1 1 0 0 0 1 0 1 0 0 0 1 0 0 0 0 0 1 0 0 0 0 1 1
 0 0 0 1 0 1 1 0 1 1 0 1 0 1 0 1 1 0 0 0 0 1 0 0 0 0 0 0 1 0 0 0 0 0 0 0 0
 0 0 0 1 0 1 1 0 0 1 0 0 0 1 0 1 0 1 0 0 1 1 0 0 0 0 1 0 0 1 0 1 0 0 0 1 0
 1 0 0 0 0 0 0 1 0 0 1 0 0 1 0 0 0 1 0 0 0 1 1 1 0 1 0 0 0 0 0 0 1 0 1 1 1
 1 0 1 1 1 0 0 0 0 1 0 0 0 1 0 0 0 0 0 1 0 0 0 0 0 0 1 0 1 0 0 1 0 0 0 1 0
 0 0 0 0 1 1 0 0 1 0 0 1 0 1 1 1 0 0 0 0 1 0 0 1 1 0 0 1 0 0 0 0 0 0 0 1 1
 0 1 0 0 0 1 0 0 1 1 0 0 1 1 0 1 0 0 1 1 0 0 0 0 1 0 0 0 0 0 1 0 0 0 0 0 0
 0 1 0 1 0 1 1 0 0 1 0 0 1 0 1 0 0 1 0 1 0 0 0 0 1 0 0 1 1 0]
Population size: 200
Best score: 249
Best solution: [0 1 0 0 1 1 1 0 1 1 0 0 1 0 0 1 1 0 1 0 0 0 1 0 1 0 0 0 1 1 0 0 0 0 0 0 0
 0 0 0 1 0 0 1 0 0 0 1 0 0 1 1 0 1 0 0 0 1 0 1 0 0 1 0 0 1 1 1 0 0 1 1 0 1
 0 1 0 0 0 1 0 0 0 0 1 0 0 0 1 0 0 0 0 0 0 1 1 0 0 0 1 1 0 1 0 0 0 0 1 0 0
 0 0 1 1 0 0 0 1 0 0 0 0 0 1 1 1 0 0 0 1 1 0 0 0 0 1 1 0 0 0 0 1 0 1 0 0 1
 0 0 0 0 0 0 1 0 0 0 0 0 0 1 1 0 0 1 0 0 0 1 0 0 1 1 0 0 0 1 0 1 0 0 0 0 1
 0 0 1 0 1 1 0 0 1 0 0 1 0 0 1 1 0 0 1 0 1 0 1 1 1 0 0 1 0 1 0 0 1 1 0 0 0
 0 1 0 0 0 0 0 0 1 0 0 0 0 1 1 0 0 1 0 1 0 0 0 1 1 0 0 0 0 0 0 1 1 0 0 0 1
 1 0 0 1 0 0 0 0 0 1 0 0 1 1 0 0 0 1 0 1 0 1 0 0 0 1 0 1 0 1 0 0 1 0 0 1 1
 0 0 1 0 0 0 0 1 0 0 0 0 0 0 0 0 0 0 1 0 0 0 0 0 0 1 1 0 0 1 0 0 1 0 1 0 0
 1 1 1 0 1 0 1 0 0 0 0 1 0 1 0 0 0 0 0 0 0 1 0 1 0 0 0 0 0 1 0 0 1 0 1 1 1
 1 1 0 0 0 0 1 1 1 0 1 0 0 0 0 0 0 0 0 0 0 0 0 1 1 0 1 0 0 1]
Population size: 300
Best score: 247
Best solution: [0 0 1 1 0 0 1 0 0 1 1 0 0 0 1 0 0 1 0 1 0 0 0 0 1 0 0 0 0 1 1 0 0 0 1 0 1
 1 0 1 1 1 0 0 0 0 1 1 0 0 0 0 1 0 0 0 1 0 0 1 0 0 1 1 0 0 1 0 0 1 1 0 0 1
 0 0 1 0 0 1 1 0 0 0 1 1 0 0 0 0 0 0 1 1 0 0 0 0 0 1 0 0 0 1 0 1 0 1 1 0 1
 1 0 0 0 1 1 1 0 0 1 1 0 1 0 1 0 1 0 0 0 0 0 1 1 0 0 0 0 1 0 0 0 1 0 0 0 0
 0 1 0 1 0 0 1 0 1 0 0 0 0 0 1 0 0 1 0 0 1 1 0 1 1 0 0 0 1 1 0 1 1 0 0 1 0
 0 0 1 0 1 0 1 0 0 1 0 0 0 0 0 0 1 1 0 0 0 1 0 1 1 0 0 1 0 0 0 0 0 1 1 1 0
 0 0 1 0 1 1 0 0 0 0 1 0 0 1 0 1 0 0 0 1 0 0 0 0 0 0 1 0 1 0 0 0 0 0 0 0 0
 0 0 1 0 1 1 1 1 0 0 1 0 0 0 0 1 0 1 0 1 1 1 0 0 0 0 0 1 1 0 0 0 0 1 1 1 0
 0 1 0 0 0 0 1 1 0 1 0 0 0 0 1 0 1 0 1 0 0 0 0 1 0 0 0 0 0 0 0 0 0 0 0 0 0
 1 1 0 1 0 0 0 1 1 1 0 0 0 1 1 0 0 1 1 0 0 0 0 1 0 1 0 0 0 1 0 1 1 0 1 0 0
 0 0 1 1 0 1 0 0 1 0 0 1 0 0 1 0 0 1 0 1 0 1 0 0 0 1 0 0 1 0]
Population size: 400
Best score: 247
Best solution: [0 0 1 0 1 0 1 0 0 1 0 0 1 0 0 1 0 1 0 1 1 0 0 0 0 1 1 0 1 1 0 0 0 1 1 0 0
 0 1 0 0 1 1 1 0 1 0 0 0 0 0 0 1 0 1 0 1 0 0 1 1 0 0 0 1 0 0 1 0 0 1 1 0 0
 0 1 0 0 1 0 0 1 1 0 0 0 1 1 1 1 1 0 0 1 1 0 0 0 1 0 1 1 0 1 1 1 0 0 0 0 1
 1 0 0 0 0 1 0 0 1 0 1 0 0 0 0 1 1 0 0 0 0 1 1 0 1 0 0 1 1 1 0 0 0 1 0 0 0
 0 1 1 0 0 0 0 1 0 0 1 0 0 0 1 0 0 0 0 1 0 0 0 0 0 1 0 1 0 0 1 0 0 0 1 0 1
 1 1 0 0 0 0 1 0 0 1 0 1 0 0 0 1 0 1 0 0 0 1 0 0 0 0 0 0 1 0 0 0 0 0 1 1 0
 0 1 1 0 0 0 1 1 1 0 1 0 0 1 0 1 0 0 0 0 0 1 0 0 0 0 0 1 0 0 0 1 0 0 0 0 1
 0 0 1 0 0 0 1 0 0 1 0 1 1 0 0 1 0 1 1 0 0 0 0 0 1 0 0 0 1 0 1 1 0 0 0 1 0
 0 0 1 1 0 0 1 0 0 1 0 0 0 1 0 0 1 0 1 1 0 0 1 0 1 0 0 0 0 0 0 0 1 1 1 0 0
 0 0 0 0 0 1 1 0 0 1 0 1 0 0 0 1 0 1 0 0 1 0 0 1 0 1 0 0 1 1 0 0 0 1 0 1 0
 0 1 1 0 0 1 0 1 1 0 0 1 0 0 1 0 0 1 0 1 0 0 0 0 1 0 0 1 0 1]
Population size: 500
Best score: 243
Best solution: [0 0 1 0 1 0 0 0 1 0 0 1 1 0 0 1 1 0 1 0 1 0 0 1 0 1 1 0 0 0 1 0 1 1 1 1 0
 0 0 1 0 1 1 0 0 0 1 0 0 1 0 1 0 0 0 0 0 0 1 0 1 0 1 0 1 0 0 0 0 0 0 0 1 0
 0 1 1 0 0 0 1 0 1 1 1 0 1 1 1 0 0 0 0 1 0 1 0 0 0 1 0 0 1 1 0 0 0 0 0 1 1
 0 1 0 1 0 0 0 1 0 0 1 1 0 0 1 0 0 1 1 0 0 0 0 1 0 1 0 0 0 0 0 1 1 0 0 0 0
 0 1 0 0 0 1 0 1 0 0 1 0 1 0 0 0 0 0 0 1 0 1 0 0 0 1 0 0 0 0 1 0 0 0 0 1 1
 1 1 0 1 1 0 1 0 0 0 1 0 0 0 1 0 1 0 0 0 0 0 0 0 0 0 0 0 1 0 0 1 1 0 0 0 0
 0 1 0 1 0 0 0 0 1 1 1 0 0 1 0 0 0 0 0 0 1 1 0 0 0 1 1 0 0 0 1 0 0 0 0 0 1
 1 0 1 0 0 0 1 0 0 0 1 0 0 0 1 1 1 1 0 0 0 0 1 0 1 0 1 0 0 0 1 0 1 0 0 0 0
 1 0 1 1 0 0 0 1 0 0 1 0 0 0 0 0 0 0 0 0 1 1 1 0 1 0 0 1 0 0 1 1 1 0 0 1 0
 0 1 1 0 0 1 0 0 0 0 0 0 0 1 0 0 0 1 0 1 1 0 0 0 0 0 0 0 1 0 0 1 0 0 1 0 0
 1 0 1 0 0 0 1 1 1 1 0 1 0 0 1 0 0 1 1 0 1 0 0 0 1 1 0 0 0 0]
Population size: 600
Best score: 246
Best solution: [1 1 0 1 0 0 1 0 0 1 0 1 0 0 1 0 0 1 0 0 1 0 0 0 1 1 0 0 0 0 1 1 0 0 0 1 0
 0 0 1 0 0 1 0 0 0 0 1 0 0 0 0 0 1 0 1 0 0 0 0 1 1 0 1 1 1 0 0 0 1 0 0 0 0
 0 1 0 1 0 1 0 0 0 1 0 0 0 1 1 1 0 0 1 0 0 0 0 1 0 1 0 0 0 0 1 1 0 0 0 0 1
 0 0 0 1 0 0 0 0 0 1 0 1 0 1 0 0 1 1 0 0 0 1 0 0 0 1 0 0 1 1 0 0 1 0 0 1 0
 0 0 0 0 1 1 0 1 0 1 1 0 1 0 0 1 1 0 0 0 0 1 1 0 0 1 0 0 1 0 0 1 0 1 1 0 1
 0 0 0 0 1 1 1 0 1 0 0 0 0 0 0 0 1 0 0 1 1 1 0 0 0 0 1 0 1 0 1 0 1 1 0 0 0
 1 0 0 0 0 1 0 1 0 0 1 0 1 0 0 0 0 1 1 0 0 1 0 0 1 0 1 0 0 1 1 0 0 0 1 0 0
 1 1 0 1 0 1 1 0 0 1 0 1 1 0 1 1 0 0 0 1 0 1 0 0 0 0 0 0 1 1 0 0 1 0 0 1 1
 0 0 0 0 1 0 0 1 0 0 0 1 0 1 0 0 0 0 0 0 1 0 1 1 0 1 0 0 0 1 0 0 1 0 1 0 0
 0 0 1 0 0 0 0 0 1 0 0 0 1 0 0 0 0 1 0 1 1 0 0 0 1 1 0 0 0 0 1 0 1 0 1 0 0
 0 0 0 0 0 0 0 1 0 1 0 0 1 1 0 0 0 1 0 1 0 1 0 0 1 1 0 0 1 0]
Population size: 700
Best score: 238
Best solution: [0 0 1 1 0 0 0 1 1 0 1 0 0 1 0 0 1 0 0 0 0 1 1 0 0 1 0 0 0 0 0 0 0 0 0 1 1
 0 0 0 1 0 1 1 1 0 0 1 0 0 1 0 1 0 0 0 0 1 1 1 0 0 0 0 1 0 1 0 1 0 1 0 0 0
 1 1 0 0 0 0 0 1 0 1 0 0 1 0 1 0 1 0 0 1 0 0 0 1 0 1 0 1 0 1 0 1 0 1 0 0 1
 0 0 1 0 0 0 1 0 0 1 0 1 0 1 0 0 1 1 0 1 0 0 1 0 1 0 0 0 0 1 0 0 0 0 1 0 0
 0 0 0 0 1 0 0 0 0 1 1 0 1 1 1 1 0 1 0 0 1 1 0 0 0 0 1 0 0 0 0 1 0 1 0 1 0
 0 1 0 1 0 0 1 0 0 0 1 0 0 0 1 0 0 1 1 1 0 0 0 0 0 0 0 0 0 1 0 0 1 0 0 0 0
 1 0 0 0 0 1 0 1 0 0 1 0 0 0 0 1 0 0 1 0 0 1 0 1 1 0 0 0 0 1 0 1 0 1 0 0 0
 1 0 0 0 0 1 0 1 0 0 0 1 0 1 1 1 0 0 1 1 1 1 1 1 0 0 1 1 0 1 1 0 1 1 0 0 0
 1 0 0 0 1 1 0 0 1 0 0 1 0 1 0 0 0 0 1 1 1 0 1 1 0 1 0 0 0 1 0 0 0 1 0 0 0
 0 0 0 0 0 0 0 0 1 1 1 0 0 0 0 0 0 0 1 1 0 1 0 1 1 0 1 1 0 0 1 0 1 0 1 1 0
 1 0 0 1 1 1 0 0 0 1 0 0 1 0 1 0 1 1 0 0 1 0 0 0 0 0 1 0 0 1]
Population size: 800
Best score: 241
Best solution: [1 1 0 0 0 0 1 0 0 0 1 0 0 1 1 0 0 0 1 0 1 1 1 0 1 0 0 1 1 0 0 1 0 0 1 0 1
 1 0 1 1 1 0 1 0 1 0 1 1 0 0 1 0 0 1 0 0 0 0 0 0 0 0 0 1 0 0 0 0 0 0 0 0 1
 0 0 1 0 1 0 1 0 1 0 0 0 1 1 0 1 0 1 0 0 0 1 0 0 0 0 0 1 0 0 0 1 0 0 0 0 1
 0 0 1 1 0 0 1 0 1 0 0 1 0 1 1 0 1 1 1 0 0 1 0 0 0 1 1 0 1 1 0 0 1 0 0 0 1
 1 1 1 0 0 0 0 0 0 0 0 0 0 0 1 0 0 1 0 0 1 1 0 0 0 1 0 1 0 0 1 0 1 0 0 1 0
 0 0 0 0 0 1 1 1 0 0 0 1 0 0 0 1 1 0 0 0 0 1 1 0 0 0 0 0 0 1 1 1 0 0 1 0 0
 0 0 1 0 0 0 1 1 0 1 0 1 0 1 1 0 1 0 0 1 0 0 0 0 1 0 0 1 0 0 1 0 0 0 0 0 1
 0 0 0 0 0 1 0 0 1 1 0 1 1 0 1 0 0 0 1 0 1 1 0 1 0 0 0 1 0 1 0 0 0 0 1 1 1
 0 1 0 0 0 0 0 0 1 0 0 1 1 0 0 0 0 0 1 1 0 0 0 1 0 1 0 1 1 1 0 0 0 0 1 1 1
 0 1 0 0 1 0 0 0 0 1 1 0 0 1 1 0 0 0 1 0 0 0 0 0 0 1 0 1 1 0 0 1 0 0 1 0 0
 1 0 1 1 0 0 0 1 1 0 0 0 1 1 0 1 0 0 1 0 0 0 1 1 1 1 0 0 0 1]
Population size: 900
Best score: 236
Best solution: [1 0 1 0 0 1 0 0 0 0 0 1 1 0 0 0 0 0 0 0 0 0 1 0 0 0 1 1 1 0 1 1 0 0 1 1 1
 1 0 1 1 0 0 1 1 0 0 0 0 1 0 0 0 0 1 0 0 0 0 0 0 0 1 0 1 1 0 0 1 0 1 0 1 0
 0 0 1 0 1 1 0 1 1 0 0 0 0 0 0 1 0 1 0 0 1 1 1 0 0 0 0 1 0 0 0 0 0 1 0 0 0
 1 0 1 0 0 0 1 1 0 0 1 0 1 0 0 1 0 1 1 0 0 0 1 0 0 1 0 1 1 1 1 1 1 1 0 0 1
 0 0 0 1 0 0 1 0 0 1 0 1 1 0 0 0 0 1 0 0 0 1 1 1 0 0 0 0 0 1 0 1 0 0 0 0 0
 1 0 0 1 0 0 0 1 0 1 1 0 1 0 0 0 1 0 1 1 1 1 0 0 1 0 1 0 0 0 0 0 1 0 1 1 1
 0 0 1 0 0 1 1 0 0 1 0 1 0 0 0 1 0 0 0 0 0 0 0 1 1 0 0 0 0 0 1 0 0 0 0 0 0
 1 0 0 1 0 0 0 0 1 0 0 1 0 1 1 1 0 1 0 0 1 1 0 0 0 1 0 1 0 1 0 1 0 0 0 0 1
 0 0 0 0 0 0 0 1 0 1 1 0 0 0 1 0 0 1 0 1 1 1 1 0 0 1 0 1 0 1 0 0 1 1 1 1 1
 0 0 1 1 0 0 1 1 0 0 1 0 0 1 0 0 0 0 0 1 1 0 0 1 0 0 1 0 1 1 0 1 0 1 0 0 0
 0 1 1 0 0 1 0 0 1 0 0 0 1 0 1 0 0 0 1 1 0 0 0 0 1 0 0 1 0 0]
Population size: 1000
Best score: 236
Best solution: [1 0 1 0 0 0 1 1 0 0 1 0 0 0 0 0 1 1 1 1 0 0 1 0 0 0 0 0 1 0 0 0 0 1 1 0 0
 0 0 0 0 0 0 0 1 1 0 0 1 0 1 1 1 1 0 1 0 0 1 0 1 1 1 0 1 0 1 0 0 1 0 0 0 0
 1 0 1 0 0 0 1 0 0 0 0 0 0 0 1 0 1 0 0 0 1 0 0 1 0 1 1 1 0 1 0 0 0 1 1 0 0
 0 1 1 0 0 1 0 0 1 0 1 0 0 0 1 1 1 0 1 1 1 0 1 1 0 0 1 0 0 1 0 0 0 0 1 1 1
 1 1 0 0 0 0 0 0 0 0 0 0 1 0 0 1 1 0 0 0 0 0 1 0 1 0 1 0 1 1 0 1 0 0 0 1 0
 0 0 1 0 0 0 0 1 0 0 1 1 0 1 1 1 1 0 1 1 1 0 0 0 1 0 0 0 1 0 0 0 0 1 0 1 0
 0 1 0 0 0 1 0 0 0 0 0 0 0 1 0 1 1 0 0 0 0 0 1 0 0 0 0 0 0 1 1 0 0 0 0 0 0
 0 0 1 0 1 1 0 0 1 0 1 1 0 0 0 1 0 1 1 0 0 1 1 1 0 0 0 0 0 0 0 0 1 0 0 0 1
 1 0 0 1 0 0 1 0 0 1 1 0 1 0 0 1 0 1 0 0 1 1 0 1 1 0 1 0 0 1 0 0 0 0 0 1 0
 0 1 0 0 0 0 1 0 0 1 0 0 0 1 0 1 1 0 0 1 1 1 0 0 1 0 0 1 1 0 0 1 0 1 0 0 0
 1 0 0 0 0 0 0 1 0 1 0 0 0 1 0 1 1 0 0 1 1 1 0 0 1 1 1 1 0 1]
Population size: 2000
Best score: 242
Best solution: [0 1 0 0 0 0 0 0 0 1 0 0 1 1 0 0 1 1 0 0 0 1 0 0 0 1 1 0 1 0 0 1 0 1 0 1 1
 1 0 1 0 1 0 1 0 0 1 0 1 0 0 0 0 1 0 1 0 0 0 0 0 1 1 1 1 0 0 0 0 0 1 0 1 0
 0 1 0 0 1 0 0 1 0 1 0 0 0 1 0 0 0 0 1 0 0 1 0 0 0 1 1 1 0 1 0 0 1 0 0 1 0
 1 1 1 0 0 0 1 0 0 0 0 0 0 0 1 0 1 0 0 1 0 0 0 0 1 0 1 0 0 0 0 0 0 0 0 1 1
 1 0 1 0 0 0 0 0 0 1 0 1 1 1 1 1 1 0 0 1 1 0 1 0 1 1 1 0 0 1 1 0 0 0 0 0 0
 0 0 0 1 0 1 0 0 1 1 0 0 0 1 0 0 0 1 0 1 0 1 0 0 0 1 0 0 0 1 0 1 1 0 0 1 0
 0 0 0 1 1 0 0 1 1 0 0 1 0 1 0 0 0 1 1 0 1 0 0 0 0 0 1 0 0 0 0 0 0 0 1 0 0
 0 0 0 1 0 0 1 0 0 0 1 0 0 1 0 1 0 0 1 0 0 1 0 0 0 0 1 0 1 0 0 0 0 1 1 0 0
 0 1 1 0 1 1 0 0 1 0 0 1 0 0 1 0 0 1 1 1 0 1 0 1 0 0 0 1 0 1 0 0 0 0 1 0 1
 0 0 0 0 0 1 0 1 1 0 0 0 0 0 0 1 0 0 1 1 0 0 0 1 0 0 0 1 0 1 0 1 0 1 0 1 0
 0 0 0 0 1 0 0 0 1 1 0 0 0 1 0 0 0 1 0 1 0 1 1 1 0 0 1 0 0 0]
Population size: 4000
Best score: 237
Best solution: [0 0 0 1 0 1 1 0 1 0 1 0 1 0 0 1 1 1 0 1 1 1 0 1 0 0 0 0 1 1 0 0 1 0 1 1 0
 0 0 0 0 0 1 1 0 1 1 0 1 1 0 0 1 1 0 1 0 0 1 0 0 1 1 0 1 0 0 0 0 0 0 1 0 0
 1 0 0 0 0 1 0 1 0 1 0 1 0 1 0 0 0 1 1 1 0 0 1 0 1 1 0 0 0 0 0 0 0 1 0 0 0
 1 0 0 0 0 1 0 0 0 1 0 1 0 1 0 0 0 0 1 1 0 0 1 0 1 0 0 1 0 0 0 1 0 0 1 1 0
 0 0 0 1 0 0 0 1 0 1 0 1 0 1 1 0 0 1 1 0 1 1 0 0 1 0 0 1 0 1 0 0 1 0 0 1 0
 0 1 1 0 1 0 0 1 0 0 0 0 1 0 0 0 0 1 0 0 0 1 0 0 1 1 0 0 0 1 1 0 0 1 0 0 1
 0 1 0 0 0 0 0 0 0 0 0 0 1 0 0 1 1 0 0 1 1 0 1 0 0 0 1 0 1 0 1 0 0 0 1 0 0
 0 1 1 0 0 0 0 1 0 1 0 0 1 0 0 1 0 0 1 0 1 0 0 0 1 0 0 0 0 0 1 0 0 1 1 0 0
 0 1 0 1 1 0 1 1 0 1 1 0 0 0 0 1 1 0 0 1 1 0 0 0 1 1 1 1 0 0 0 0 1 0 0 0 0
 0 1 0 1 0 0 1 0 0 0 0 0 1 0 1 0 1 0 0 1 1 0 1 0 0 0 1 0 1 1 1 0 0 0 0 1 0
 0 1 0 1 0 0 0 1 0 1 0 0 0 0 1 0 1 1 1 1 0 1 0 0 0 1 0 1 0 0]
Population size: 8000
Best score: 231
Best solution: [1 0 1 0 1 0 0 1 0 0 0 1 0 1 0 1 0 1 1 0 1 0 1 0 0 0 0 0 0 1 0 0 1 0 0 0 1
 0 1 0 1 0 1 0 0 0 1 0 0 1 1 0 0 0 0 0 0 1 0 0 0 0 1 0 1 0 1 0 1 0 0 1 0 1
 0 1 0 1 0 1 0 1 0 0 1 0 0 1 0 1 1 1 0 0 0 0 0 1 0 1 0 0 1 1 1 1 1 1 0 0 0
 0 1 0 0 1 0 1 0 1 1 1 0 0 0 0 0 0 0 1 1 0 1 0 0 1 0 1 0 1 0 1 0 1 1 0 1 0
 1 1 0 0 0 0 1 1 0 0 0 1 0 1 1 1 0 1 1 0 0 0 0 1 1 0 0 0 1 0 0 1 1 0 0 1 0
 0 0 0 0 1 1 0 0 1 1 0 0 1 0 0 0 1 1 0 0 0 0 0 1 0 0 0 0 0 0 0 0 1 0 1 0 0
 1 0 1 1 0 0 1 1 0 0 1 0 0 1 0 1 0 0 0 0 1 1 0 0 0 1 0 0 1 1 0 0 1 0 1 0 0
 0 1 1 1 0 0 1 0 0 1 0 0 0 0 0 0 0 0 0 0 1 1 1 0 0 1 0 1 1 1 0 0 0 0 1 0 0
 1 1 0 0 0 0 0 0 0 0 0 1 0 0 1 0 0 0 0 0 0 0 0 0 1 0 0 1 0 1 0 0 0 1 1 0 0
 0 1 1 0 1 1 0 0 0 0 1 0 0 0 1 1 1 0 0 0 1 0 1 0 1 0 1 1 0 0 1 0 1 0 0 0 0
 1 0 1 0 0 0 0 0 1 0 1 1 0 1 1 0 0 0 1 0 0 0 1 0 1 0 1 0 0 0]
Population size: 10000
Best score: 225
Best solution: [0 0 0 1 0 1 1 1 1 1 1 0 1 0 1 0 0 1 0 1 0 1 0 0 1 1 1 1 0 0 0 1 0 0 0 0 0
 0 0 0 0 0 0 0 1 0 0 1 0 1 0 0 0 1 1 1 0 0 0 0 1 0 0 1 0 1 0 1 1 0 1 0 0 0
 0 1 1 1 1 1 0 1 1 0 0 0 0 0 0 0 0 1 1 0 0 0 0 1 0 0 0 1 0 0 1 1 1 0 0 1 0
 0 0 0 1 1 0 1 0 0 1 0 0 1 0 1 0 0 1 0 1 1 0 1 0 1 1 0 1 1 1 0 0 0 1 0 0 0
 1 1 0 1 0 0 0 1 1 1 0 0 1 0 0 1 0 0 1 1 0 0 1 0 0 0 1 0 0 0 1 1 0 0 0 1 0
 0 0 1 1 1 1 1 1 0 0 0 1 0 0 0 1 1 0 0 1 1 0 0 1 0 1 1 1 0 0 1 0 1 1 0 1 1
 0 1 0 1 0 1 0 0 1 0 0 0 0 0 0 0 0 0 0 1 0 1 1 0 0 1 0 1 1 0 0 1 1 0 0 0 1
 0 1 0 1 1 0 0 1 1 0 0 0 0 1 1 1 0 1 0 0 1 0 0 0 1 0 0 0 0 0 0 0 0 0 1 1 1
 0 0 1 0 0 1 0 0 1 1 1 0 1 1 1 0 1 0 0 0 1 0 0 0 1 0 0 1 0 0 1 0 0 0 0 0 0
 1 0 0 0 0 0 1 1 0 1 0 0 0 1 0 0 0 1 0 0 0 0 1 1 0 0 1 1 0 0 1 0 1 0 0 1 0
 1 1 0 0 1 1 0 1 0 1 1 1 1 0 1 0 1 1 0 0 0 0 1 0 0 0 0 1 0 0]
